1234567 8987654321 2345678987
6543212345 6789876543 2123456789 8765432123 4567898765 4321234567 8987654321

1414213 5623730950 4880168872 
4209698078 5696718753 7694807317 6679737990 7324784621 0703885038 7534327641

1634733 6458092538 4844313388 
3865090859 8417836700 3309231218 1110852389 3331001045 0815121211 8167511579

1717171 7171717171 7171717171 
7171717131 3131313131 3131313131 3131111111 1111111111 1111177777 7755555333

 1900871 2816648221 1312685157 
3935413975 4718967899 6851549366 6638539088 0271038021 0449895719 1261465571 

7666666 6666666666 6666666666 
6666666666 6666666666 6666666666 6666666666 6666666666 6666666666 6666666667 

9888888 8888888888 8888888888 
8888888888 8888888888 8888888888 8888888888 8888888888 8888888888 8888888889

11111111 1111111111 1111111111 
1111111111 1111111111 1111111111 1111111111 1111111111 1111101111 1111111111

100000000 0000000000 0000000000 
0000000000 0000000000 0000000000 0000000000 0000000000 0000000000 0000000049

101000000 0000000000 0000000000 
0000000000 0000000000 0000000000 0000000000 1000000000 0000000000 0000000001

111111111 1111111111 1111111111 
1111111111 1111111112 1111111111 1111111111 1111111111 1111111111 1111111111

122846467 3546649986 7391623071 
0497626221 7251818543 8861897071 6775441557 4251463352 4323079001 1982111099

300000000 0000000000 0000000000 
0000000000 0000000000 1000000000 0000000000 0000000000 0000000000 0000000003

700000000 0000000000 0000000000 
0000000000 0000000000 8000000000 0000000000 0000000000 0000000000 0000000007

727272727 2727272727 2727272727 
2727272727 2727272727 2727272727 2727272727 2727272727 2727272727 2727272727

800000000 0000000000 0000000000 
0000000000 0000000000 0000000000 0000000000 0000000000 0000000000 0000000009

992222222 2222222222 2222222222 
2222222222 2222222222 2222222222 2222222222 2222222222 2222222222 2222222299

999999999 9999999999 9999999999 
9999999999 9999999998 9899999999 9999999999 9999999999 9999999999 9999999999

999999999 9999999999 9999999999 
9999999999 9999999999 9999999999 9999999999 9999999999 9999999999 9999605527

1000000000 0000000000 0000000000 
0000000000 0000000000 0000000000 0000000000 0000000000 0000000000 0000000289

1000000000 0000000000 0000000000 
0000000000 0000000000 0000000000 0000000000 0000000000 0000000000 0000004459

1000000000 0000000000 0000000000 
0000000000 0000000000 0000000000 0000000000 0000000000 0000000000 0000006001

1000000000 0000000000 0000000000 
0000000000 0000000000 0000000000 0000000000 0000000000 0000000000 0000011499

1000000000 0000000000 0000000000 
0000000000 0000000000 0000000000 0000000000 0000000000 0000000000 0000022857

1000000000 0000000000 0000000000 
0000000000 0000000000 0000000000 0000000000 0000000000 0000000000 0000034951

1000000000 0000000000 0000000000 
0000000000 0000000000 0000000000 0000000000 0000000000 0000000000 0000044239